$ PYTHONNOUSERSITE=1 PYTHONPATH=. nice -n 19 ~/anaconda3/envs/nvgen/bin/python docs/verification/2026-09-30/s4_probe2/fastmri_flair_coverage.py   # 2026-09-30 23:03:10
AXFLAIR maps 447 | shapes {(320, 320, 16): 252, (260, 320, 16): 73, (276, 276, 16): 43, (320, 320, 14): 17, (224, 256, 16): 16, (213, 213, 16): 15, (256, 256, 16): 7, (208, 256, 16): 6, (276, 276, 14): 5, (260, 320, 14): 2, (320, 320, 12): 2, (290, 320, 16): 2, (213, 213, 14): 2, (234, 234, 16): 2, (300, 320, 16): 1, (208, 256, 14): 1, (276, 276, 12): 1} | zooms {(0.688, 0.688, 5.0): 264, (0.687, 0.688, 5.0): 65, (0.86, 0.859, 5.0): 48, (0.858, 0.859, 5.0): 18, (0.862, 0.859, 5.0): 15, (0.625, 0.625, 3.0): 10, (0.857, 0.859, 5.0): 7, (0.69, 0.688, 5.0): 6, (0.859, 0.859, 3.0): 6, (0.686, 0.688, 5.0): 1, (0.626, 0.625, 3.0): 1, (0.688, 0.688, 3.0): 1, (0.859, 0.859, 5.0): 1, (0.901, 0.898, 5.0): 1, (0.718, 0.719, 5.0): 1, (0.896, 0.898, 5.0): 1, (0.899, 0.898, 5.0): 1} | slices per stack {12: 3, 14: 27, 16: 417}
share of volumes in which the class appears, per slice index (0 = lowest):
slice              0    1    2    3    4    5    6    7    8    9   10   11   12   13   14   15
white_matter    0.99 1.00 1.00 1.00 1.00 1.00 1.00 1.00 0.99 0.98 0.94 0.78 0.43 0.07 0.00 0.00
cortex          1.00 1.00 1.00 1.00 1.00 1.00 1.00 1.00 1.00 0.99 0.98 0.91 0.72 0.32 0.05 0.00
thalamus        0.16 0.25 0.16 0.06 0.01 0.00 0.00 0.00 0.00 0.00 0.00 0.00 0.00 0.00 0.00 0.00
basal_ganglia   0.81 0.77 0.79 0.64 0.37 0.14 0.07 0.03 0.01 0.00 0.00 0.00 0.00 0.00 0.00 0.00
brainstem       0.02 0.21 0.21 0.15 0.06 0.04 0.02 0.01 0.00 0.00 0.00 0.00 0.00 0.00 0.00 0.00
cerebellum      0.59 0.21 0.18 0.14 0.08 0.03 0.02 0.01 0.00 0.00 0.00 0.00 0.00 0.00 0.00 0.00
other_deep_grey 0.59 0.49 0.36 0.20 0.08 0.05 0.03 0.01 0.01 0.00 0.00 0.00 0.00 0.00 0.00 0.00
lateral_ventricles0.20 0.48 0.72 0.72 0.50 0.17 0.06 0.01 0.01 0.00 0.00 0.00 0.00 0.00 0.00 0.00
median brain area (cm2) 126  139  147  151  149  142  133  120  105   88   69   46   23    1    0    0
bottom slice area / largest slice area: 5/25/50/75/95th percentiles (0.59, 0.74, 0.83, 0.91, 0.97)
empty slices above the brain (area <= 5 cm2): {0: 1, 1: 19, 2: 157, 3: 191, 4: 63, 5: 10, 6: 4, 11: 1}
height of the brain within the stack (mm, slices with > 5 cm2): (51.25, 65.0, 65.0, 70.0, 70.0)
